[
        {
                "row_matrix": [
                        -0.49999989075467743,
                        0.8660254668572458,
                        -5.361966047900629e-17,
                        0.8660254668572456,
                        0.4999998907546772,
                        -9.287196270646182e-17,
                        -5.3619660479006254e-17,
                        -9.287196270646177e-17,
                        -0.9999999999999999
                ],
                "symop_number": 0,
                "time_reversal": false,
                "translation": [
                        -3.4315044199334387e-09,
                        -1.9811792322598228e-09,
                        -4.1872919946210163e-16
                ]
        },
        {
                "row_matrix": [
                        -0.49999989075467743,
                        0.8660254668572458,
                        -2.4884967406689794e-17,
                        0.8660254668572456,
                        0.4999998907546772,
                        1.4367344723780724e-17,
                        -2.488496740668978e-17,
                        1.4367344723780727e-17,
                        0.9999999999999999
                ],
                "symop_number": 1,
                "time_reversal": false,
                "translation": [
                        -3.431504886110118e-09,
                        -1.981179452960059e-09,
                        1.480297366166876e-16
                ]
        },
        {
                "row_matrix": [
                        -0.9999999999999998,
                        1.1102230246251565e-16,
                        -3.0814879110195774e-33,
                        -1.3234889800848443e-23,
                        -0.9999999999999997,
                        -2.471761929983934e-33,
                        3.0814879110195774e-33,
                        -1.232595164407831e-32,
                        -0.9999999999999999
                ],
                "symop_number": 2,
                "time_reversal": false,
                "translation": [
                        -8.468895954886582e-17,
                        -1.0267975728931826e-15,
                        -6.280937991931523e-16
                ]
        },
        {
                "row_matrix": [
                        -0.9999999999999998,
                        1.1102230246251565e-16,
                        2.873469307231649e-17,
                        -1.3234889800848443e-23,
                        -0.9999999999999997,
                        1.0723930743024254e-16,
                        2.873469307231647e-17,
                        1.0723930743024249e-16,
                        0.9999999999999999
                ],
                "symop_number": 3,
                "time_reversal": false,
                "translation": [
                        -3.3875546812112135e-16,
                        -1.1734829404493515e-15,
                        0.0
                ]
        },
        {
                "row_matrix": [
                        0.9999999999999998,
                        -1.1102230246251565e-16,
                        -2.873469307231649e-17,
                        1.3234889800848443e-23,
                        0.9999999999999997,
                        -1.0723930743024254e-16,
                        -2.873469307231647e-17,
                        -1.0723930743024249e-16,
                        -0.9999999999999999
                ],
                "symop_number": 4,
                "time_reversal": false,
                "translation": [
                        -3.669276141426683e-17,
                        5.181040781584065e-16,
                        -3.1404689959657615e-16
                ]
        },
        {
                "row_matrix": [
                        0.9999999999999998,
                        -1.1102230246251565e-16,
                        3.0814879110195774e-33,
                        1.3234889800848443e-23,
                        0.9999999999999997,
                        2.471761929983934e-33,
                        -3.0814879110195774e-33,
                        1.232595164407831e-32,
                        0.9999999999999999
                ],
                "symop_number": 5,
                "time_reversal": false,
                "translation": [
                        -5.023964168402054e-17,
                        4.440892098500628e-16,
                        1.4802973661668756e-16
                ]
        },
        {
                "row_matrix": [
                        0.49999989075467743,
                        -0.8660254668572458,
                        2.4884967406689794e-17,
                        -0.8660254668572456,
                        -0.4999998907546772,
                        -1.4367344723780724e-17,
                        2.488496740668978e-17,
                        -1.4367344723780727e-17,
                        -0.9999999999999999
                ],
                "symop_number": 6,
                "time_reversal": false,
                "translation": [
                        3.43150453037359e-09,
                        1.9811789138636604e-09,
                        -5.234114993276269e-16
                ]
        },
        {
                "row_matrix": [
                        0.49999989075467743,
                        -0.8660254668572458,
                        5.361966047900629e-17,
                        -0.8660254668572456,
                        -0.4999998907546772,
                        9.287196270646182e-17,
                        5.3619660479006254e-17,
                        9.287196270646177e-17,
                        0.9999999999999999
                ],
                "symop_number": 7,
                "time_reversal": false,
                "translation": [
                        3.431504445684741e-09,
                        1.9811786931634246e-09,
                        7.401486830834377e-17
                ]
        }
]